<?xml version="1.0" encoding="UTF-8" standalone="no"?>
<!DOCTYPE svg PUBLIC "-//W3C//DTD SVG 20010904//EN"
              "http://www.w3.org/TR/2001/REC-SVG-20010904/DTD/svg10.dtd">

<svg xmlns="http://www.w3.org/2000/svg"
     width="0.822222in" height="0.822222in"
     viewBox="0 0 74 74">
  <path id="Imported Path"
        fill="none" stroke="black" stroke-width="1"
        d="M 5.19,69.13
           C 5.19,69.13 15.99,69.13 15.99,69.13M 10.71,7.15
           C 10.71,7.15 10.71,67.21 10.71,67.21M 14.79,7.15
           C 14.79,9.56 12.87,11.24 10.71,11.24
             8.31,11.24 6.63,9.32 6.63,7.15
             6.63,4.75 8.55,3.07 10.71,3.07
             12.87,3.07 14.79,4.99 14.79,7.15 Z
           M 69.80,18.44
           C 69.80,18.44 69.80,28.05 69.80,28.05
             69.80,28.05 63.08,29.25 63.08,29.25
             63.08,29.25 63.08,17.24 63.08,17.24
             63.08,17.24 69.80,18.44 69.80,18.44 Z
           M 58.03,16.28
           C 58.03,16.28 58.03,30.21 58.03,30.21
             58.03,30.21 51.06,31.42 51.06,31.42
             51.06,31.42 51.06,15.08 51.06,15.08
             51.06,15.08 58.03,16.28 58.03,16.28 Z
           M 46.26,15.08
           C 46.26,15.08 46.26,32.62 46.26,32.62
             46.26,32.62 39.29,33.82 39.29,33.82
             39.29,33.82 39.29,13.88 39.29,13.88
             39.29,13.88 46.26,15.08 46.26,15.08 Z
           M 34.49,12.44
           C 34.49,12.44 34.49,34.54 34.49,34.54
             34.49,34.54 27.52,35.74 27.52,35.74
             27.52,35.74 27.52,11.24 27.52,11.24
             27.52,11.24 34.49,12.44 34.49,12.44 Z
           M 26.56,35.26
           C 26.56,35.26 10.71,23.49 10.71,23.49
             10.71,23.49 26.56,11.72 26.56,11.72M 68.84,18.44
           C 68.84,18.44 68.84,28.53 68.84,28.53
             68.84,28.53 26.56,35.26 26.56,35.26
             26.56,35.26 26.56,11.72 26.56,11.72
             26.56,11.72 68.84,18.44 68.84,18.44 Z" />
</svg>
